### 転置

```py
import numpy as np
import pandas as pd

df = pd.DataFrame(np.arange(50).reshape(5, 10), index=pd.Index(['r{}'.format(x+1) for x in range(5)], name = 'index'), columns=pd.Index(['c{}'.format(x+1) for x in range(10)], name= 'column'))
print(df.shape) # タプル (行数, 列数)
print(df)

df = df.T

print(df.shape) # タプル (行数, 列数)
print(df)
```

```
(5, 10)

column  c1  c2  c3  c4  c5  c6  c7  c8  c9  c10
index
r1       0   1   2   3   4   5   6   7   8    9
r2      10  11  12  13  14  15  16  17  18   19
r3      20  21  22  23  24  25  26  27  28   29
r4      30  31  32  33  34  35  36  37  38   39
r5      40  41  42  43  44  45  46  47  48   49

# 転置
(10, 5)

index   r1  r2  r3  r4  r5
column
c1       0  10  20  30  40
c2       1  11  21  31  41
c3       2  12  22  32  42
c4       3  13  23  33  43
c5       4  14  24  34  44
c6       5  15  25  35  45
c7       6  16  26  36  46
c8       7  17  27  37  47
c9       8  18  28  38  48
c10      9  19  29  39  49
```
